276.13426624561833 -7.783818584755692
274.07312229501974 -12.980438694188651
272.0119783444211 -6.9771017565126945
269.95083439382245 -12.177886613242931
267.8896904432238 -10.41952840792348
265.82854649262515 -9.681282131225109
263.76740254202656 -10.648678359398783
261.70625859142785 -3.713557904115241
259.64511464082926 -7.356538166951684
257.5839706902306 -11.200629518016951
255.52282673963194 8.63921979167248
253.46168278903332 -23.419966066833112
251.40053883843467 -15.432313125114499
249.33939488783605 -5.839513102912646
247.27825093723737 -7.2811808817960575
245.21710698663875 -6.222293055741251
243.1559630360401 -10.618561119192758
241.0948190854415 -2.2370359852823025
239.03367513484284 -9.569331336339172
236.9725311842442 -10.23045302833853
234.91138723364554 -3.590160201987025
232.85024328304692 -4.908230066262395
230.78909933244827 -25.092523856916067
228.72795538184965 2.5126923392326135
226.66681143125098 -1.4175021113945065
224.60566748065233 -10.046143368109547
222.5445235300537 -9.900930084617698
220.48337957945506 -10.639110295950207
218.4222356288564 -6.9448229203929435
216.36109167825776 -11.861393393319736
214.29994772765914 -5.734519985120157
212.2388037770605 -2.5071829763043953
210.17765982646188 -3.448467524193397
208.1165158758632 -9.369582119744043
206.05537192526458 -5.710506412076747
203.99422797466593 -8.257952248103392
201.9330840240673 -3.209290589205125
199.87194007346866 5.050893863499603
197.81079612287002 3.9959886917506737
195.74965217227134 -7.307358260939871
193.68850822167272 -4.677464847503099
191.62736427107407 -6.21343243249639
189.56622032047542 -1.3170980636971146
187.5050763698768 -6.712257979963602
185.44393241927813 -3.622507681749174
183.3827884686795 1.3115246151272049
181.32164451808086 -5.702687310766829
179.26050056748224 -5.125593395569214
177.19935661688356 -3.7340104944950907
175.13821266628494 4.844603452454417
173.0770687156863 -2.395704366072356
171.01592476508768 -3.3284332406537813
168.95478081448903 -1.9012476666737377
166.89363686389038 -8.762502629370776
164.83249291329173 -1.2851524377758416
162.7713489626931 -1.8833124605794007
160.71020501209446 -2.584263726608657
158.64906106149584 1.7736745476730378
156.58791711089717 0.4860368910678601
154.52677316029855 1.2691670861795388
152.4656292096999 1.214541175774419
150.40448525910125 -2.6370276608160625
148.3433413085026 1.62994615188231
146.28219735790395 -3.28685452663092
144.22105340730533 -2.607898163965522
142.15990945670669 -5.442127304282712
140.09876550610807 2.7403505865410285
138.0376215555094 -0.17712051606994758
135.97647760491077 2.1275331148417678
133.91533365431212 -1.0223669237419368
131.8541897037135 -3.640692501279401
129.79304575311485 2.19263440568205
127.7319018025162 -1.8168561687468572
125.67075785191756 3.193768899132725
123.60961390131892 -6.421118684573129
121.54846995072027 -3.6947724201092185
119.48732600012164 -5.401383761316433
117.426182049523 -0.766564096093542
115.36503809892436 -0.0509532638145882
113.30389414832572 -7.682434631888684
111.24275019772708 -4.9528244092082145
109.18160624712844 0.10523408778977274
107.1204622965298 1.173030301128573
105.05931834593116 -6.748518891712473
102.99817439533253 -1.2451770909607691
100.93703044473388 -2.729333997839458
98.87588649413524 -10.273413707061371
96.8147425435366 11.95062155042937
94.75359859293796 9.887032835219838
92.6924546423393 1.021965682375902
90.63131069174067 -2.682082414260829
88.57016674114203 -4.357780180968646
86.50902279054338 4.964321330061812
84.44787883994475 7.980578271983385
82.3867348893461 -0.5825539070182044
80.32559093874747 -0.33166407439374646
78.26444698814883 -0.998442587662934
76.20330303755019 -5.763241928267453
74.14215908695155 6.38410374572425
72.0810151363529 0.7638563864163056
70.01987118575427 -6.030900378968495
67.95872723515562 0.3515141508427887
65.89758328455699 -3.4077914682429484
63.83643933395834 -3.067153842001796
61.7752953833597 4.183324957349264
59.71415143276106 2.0197508476762436
57.653007482162415 2.10523118177051
55.59186353156378 -9.140539549373791
53.53071958096514 -3.4273752691085226
51.4695756303665 -0.5977011494153159
49.40843167976786 -3.655134056958034
47.34728772916922 5.4579925796398
45.28614377857057 0.12048748819384064
43.224999827971935 -7.96470450259964
41.163855877373294 2.8655000553950267
39.10271192677465 2.560668059106126
37.04156797617601 3.5690357181459325
34.98042402557737 -2.245306407898397
32.91928007497873 -2.1127381810112777
30.85813612438009 -3.8888948157092496
28.796992173781447 -1.0998126925908918
26.735848223182806 0.34738453231296135
24.67470427258417 5.1652901949274055
22.613560321985528 1.5182214559534677
20.552416371386883 7.307426113690733
18.491272420788246 4.160002545596275
16.430128470189604 -0.35398205477965844
14.368984519590963 3.1513385196311954
12.307840568992322 3.8867748711455965
10.246696618393683 12.799778374252648
8.185552667795042 14.111028725622745
6.124408717196401 35.992128470196356
4.063264766597761 68.3636623444157
2.0021208159991195 76.89196803104105
-0.059023134599521666 86.5538485680577
-2.120167085198162 80.3775009527878
-4.181311035796803 85.23136695859549
-6.242454986395445 80.99112467134849
-8.303598936994085 81.61018398450807
-10.364742887592726 89.63751564049711
-12.425886838191367 95.34045263334446
-14.487030788790008 79.66113773893343
-16.548174739388646 74.25631020391648
-18.60931868998729 60.65387537973534
-20.67046264058593 49.97875272504702
-22.73160659118457 58.10031844726471
-24.79275054178321 59.84501684307941
-26.853894492381855 73.90826975642307
-28.915038442980492 85.7094641599237
-30.976182393579133 94.43050764382242
-33.03732634417778 96.48728810102928
-35.09847029477642 108.30433175510889
-37.15961424537506 118.89232016556477
-39.220758195973694 115.19704737450377
-41.281902146572335 105.73132943460533
-43.343046097170976 86.86472263854608
-45.40419004776962 77.4955206180409
-47.46533399836826 65.5465579746485
-49.5264779489669 52.86505529395204
-51.58762189956555 50.87101476041644
-53.64876585016418 41.91595969268717
-55.70990980076282 45.7780902106232
-57.771053751361464 51.430650250505664
-59.832197701960105 44.80338275631682
-61.893341652558746 27.747627526851414
-63.95448560315739 23.15966661285945
-66.01562955375603 17.069306600293675
-68.07677350435468 21.309131542790272
-70.13791745495331 14.175353200306963
-72.19906140555196 21.03549802107814
-74.26020535615059 20.096267753407314
-76.32134930674923 13.246191375456569
-78.38249325734787 3.091773560168928
-80.44363720794651 14.114216618075407
-82.50478115854516 7.40778955965734
-84.56592510914379 1.4345632001593445
-86.62706905974244 4.4694400396523335
-88.68821301034107 -4.629939975346029
-90.7493569609397 -2.877415962408205
-92.81050091153836 -2.287616607026575
-94.87164486213699 -3.2619416230612774
-96.93278881273564 -3.9191426429519254
-98.99393276333427 -9.648403038523886
-101.05507671393293 -12.51636694149272
-103.11622066453157 -7.656589812913704
-105.1773646151302 -2.7258532206542196
-107.23850856572885 -5.930598180261382
-109.29965251632748 -2.7384965467259237
-111.36079646692613 -4.026188295888767
-113.42194041752477 -6.575277389836878
-115.4830843681234 -5.514410112373688
-117.54422831872205 -1.4533924883555602
-119.60537226932068 0.09762811917634977
-121.66651621991933 -6.155275881370205
-123.72766017051796 -4.486320396962116
-125.78880412111661 -4.2819638387723415
-127.84994807171525 -15.598051440594984
-129.91109202231388 -8.68724246011681
-131.97223597291253 -7.156875904402011
-134.03337992351118 -5.691488826419467
-136.09452387410983 -4.090363434079643
-138.15566782470844 -10.241257866268933
-140.2168117753071 -1.414084057534958
-142.27795572590574 -5.62494209338261
-144.3390996765044 -14.768690333239714
-146.400243627103 -6.322141714727547
-148.46138757770166 -6.288048113658889
-150.52253152830028 -9.468619179909483
-152.58367547889895 -9.88527870455149
-154.64481942949757 -9.61176649462848
-156.70596338009622 -6.287348398138504
-158.76710733069487 -9.01883481611743
-160.8282512812935 -5.465288387466925
-162.88939523189217 -11.773856119813727
-164.9505391824908 -9.039960842436315
-167.01168313308943 -8.397646563558158
-169.07282708368805 -10.82058053463315
-171.1339710342867 -9.186972293645145
-173.19511498488535 -5.308220931105934
-175.256258935484 -8.6579239707198
-177.31740288608262 -10.410857403132752
-179.37854683668127 -11.01728211440284
-181.43969078727991 -10.747697553763269
-183.50083473787856 -13.47721365808298
-185.56197868847718 -13.616132290046059
-187.62312263907583 -9.029428289855497
-189.68426658967445 -14.31576572183797
-191.74541054027313 -9.069697556104327
-193.80655449087175 -18.285866947925015
-195.8676984414704 -8.746335921840142
-197.92884239206904 -13.857923576476743
-199.98998634266766 -3.83617521386657
-202.0511302932663 -6.43386865934009
-204.11227424386493 -14.88298900103955
-206.17341819446358 -10.37631310895764
-208.23456214506223 -8.985205102280007
-210.29570609566088 -7.155180243146315
-212.3568500462595 -12.40703597772377
-214.41799399685814 -12.209304350806283
-216.47913794745676 -6.690093744119416
-218.54028189805544 -15.330186961111494
-220.60142584865406 -10.621989959927422
-222.6625697992527 -7.293845942429056
-224.72371374985133 -13.40381274565523
-226.78485770044998 -7.916173268106822
-228.84600165104862 -10.724576405061855
-230.90714560164727 -13.992312315876987
-232.9682895522459 -10.893609509787925
-235.02943350284454 -7.540458962623476
-237.09057745344322 -10.056345249073043
-239.15172140404184 -12.676282616567109
-241.21286535464048 -12.299308154921187
-243.2740093052391 -12.93596643008968
-245.33515325583775 -16.9379743617715
-247.3962972064364 -8.176975515107756
-249.45744115703505 -12.69801212290376
